0.0 0.0 88.0 A1(Cz)
0.0 -14.0 86.0 A2
0.0 -28.0 83.0 A3
0.0 -41.0 78.0 A4
0.0 -52.0 70.0 A5
0.0 -63.0 61.0 A6(Pz)
-16.0 -61.0 61.0 A7
-19.0 -69.0 50.0 A8
-16.0 -77.0 38.0 A9
-17.0 -82.0 25.0 A10
-17.0 -85.0 11.0 A11
-17.0 -86.0 -3.0 A12
-17.0 -84.0 -17.0 A13
-17.0 -80.0 -31.0 A14
-16.0 -74.0 -43.0 A15
0.0 -76.0 -43.0 A16
0.0 -82.0 -31.0 A17
0.0 -86.0 -17.0 A18
0.0 -87.0 -3.0 A19(Oz)
0.0 -87.0 11.0 A20
0.0 -84.0 25.0 A21
0.0 -79.0 38.0 A22
0.0 -72.0 50.0 A23
16.0 -61.0 61.0 A24
19.0 -69.0 50.0 A25
16.0 -77.0 38.0 A26
17.0 -82.0 25.0 A27
17.0 -85.0 11.0 A28
17.0 -86.0 -3.0 A29
17.0 -84.0 -17.0 A30
17.0 -80.0 -31.0 A31
16.0 -74.0 -43.0 A32
16.0 -22.0 83.0 B1
16.0 -37.0 78.0 B2
31.0 -42.0 70.0 B3
31.0 -55.0 61.0 B4
36.0 -62.0 50.0 B5
32.0 -72.0 38.0 B6
34.0 -77.0 25.0 B7
33.0 -80.0 11.0 B8
33.0 -81.0 -3.0 B9
33.0 -79.0 -17.0 B10
33.0 -75.0 -31.0 B11
31.0 -70.0 -43.0 B12
48.0 -66.0 -31.0 B13
48.0 -71.0 -17.0 B14
49.0 -73.0 -3.0 B15
48.0 -72.0 11.0 B16
49.0 -68.0 25.0 B17
46.0 -64.0 38.0 B18
51.0 -51.0 50.0 B19
45.0 -45.0 61.0 B20
30.0 -27.0 78.0 B21
42.0 -31.0 70.0 B22
55.0 -31.0 61.0 B23
62.0 -36.0 50.0 B24
59.0 -53.0 38.0 B25
62.0 -56.0 25.0 B26
61.0 -61.0 11.0 B27
62.0 -62.0 -3.0 B28
61.0 -61.0 -17.0 B29
61.0 -55.0 -31.0 B30
71.0 -41.0 -31.0 B31
71.0 -48.0 -17.0 B32
13.0 -4.0 86.0 C1
26.0 -9.0 83.0 C2
39.0 -13.0 78.0 C3
50.0 -16.0 70.0 C4
61.0 -16.0 61.0 C5
69.0 -19.0 50.0 C6
75.0 -24.0 38.0 C7
68.0 -39.0 38.0 C8
73.0 -42.0 25.0 C9
72.0 -48.0 11.0 C10
73.0 -49.0 -3.0 C11
79.0 -33.0 -17.0 C12
81.0 -33.0 -3.0 C13
80.0 -33.0 11.0 C14
80.0 -26.0 25.0 C15
85.0 -17.0 11.0 C16
86.0 -17.0 -3.0 C17
87.0 0.0 -3.0 C18(T8)
87.0 0.0 11.0 C19
84.0 -9.0 25.0 C20
79.0 -8.0 38.0 C21
72.0 0.0 50.0 C22
63.0 0.0 61.0 C23(C4)
52.0 0.0 70.0 C24
40.0 4.0 78.0 C25
50.0 16.0 70.0 C26
61.0 16.0 61.0 C27
69.0 19.0 50.0 C28
79.0 8.0 38.0 C29
84.0 9.0 25.0 C30
85.0 17.0 11.0 C31
86.0 17.0 -3.0 C32
8.0 11.0 86.0 D1
26.0 9.0 83.0 D2
35.0 20.0 78.0 D3
42.0 31.0 70.0 D4
55.0 31.0 61.0 D5
75.0 24.0 38.0 D6
80.0 26.0 25.0 D7
80.0 33.0 11.0 D8
81.0 33.0 -3.0 D9
79.0 33.0 -17.0 D10
71.0 48.0 -17.0 D11
73.0 49.0 -3.0 D12
72.0 48.0 11.0 D13
73.0 42.0 25.0 D14
68.0 39.0 38.0 D15
62.0 36.0 50.0 D16
45.0 45.0 61.0 D17
51.0 51.0 50.0 D18
59.0 53.0 38.0 D19
62.0 56.0 25.0 D20
61.0 61.0 11.0 D21
62.0 62.0 -3.0 D22
61.0 61.0 -17.0 D23
49.0 73.0 -3.0 D24
48.0 72.0 11.0 D25
49.0 68.0 25.0 D26
46.0 64.0 38.0 D27
36.0 62.0 50.0 D28
32.0 72.0 38.0 D29
34.0 77.0 25.0 D30
33.0 80.0 11.0 D31
33.0 81.0 -3.0 D32
0.0 28.0 83.0 E1
16.0 22.0 83.0 E2
24.0 33.0 78.0 E3
31.0 42.0 70.0 E4
31.0 55.0 61.0 E5
16.0 61.0 61.0 E6
19.0 69.0 50.0 E7
16.0 77.0 38.0 E8
17.0 82.0 25.0 E9
17.0 85.0 11.0 E10
17.0 86.0 -3.0 E11
0.0 87.0 -3.0 E12(Fpz)
0.0 87.0 11.0 E13
0.0 84.0 25.0 E14
0.0 79.0 38.0 E15
0.0 72.0 50.0 E16
0.0 63.0 61.0 E17(Fz)
0.0 52.0 70.0 E18
16.0 50.0 70.0 E19
8.0 40.0 78.0 E20
-8.0 40.0 78.0 E21
-16.0 50.0 70.0 E22
-16.0 61.0 61.0 E23
-19.0 69.0 50.0 E24
-16.0 77.0 38.0 E25
-17.0 82.0 25.0 E26
-17.0 85.0 11.0 E27
-17.0 86.0 -3.0 E28
-33.0 81.0 -3.0 E29
-33.0 80.0 11.0 E30
-34.0 77.0 25.0 E31
-32.0 72.0 38.0 E32
-8.0 11.0 86.0 F1
-16.0 22.0 83.0 F2
-24.0 33.0 78.0 F3
-31.0 42.0 70.0 F4
-31.0 55.0 61.0 F5
-36.0 62.0 50.0 F6
-46.0 64.0 38.0 F7
-49.0 68.0 25.0 F8
-48.0 72.0 11.0 F9
-49.0 73.0 -3.0 F10
-61.0 61.0 -17.0 F11
-62.0 62.0 -3.0 F12
-61.0 61.0 11.0 F13
-62.0 56.0 25.0 F14
-59.0 53.0 38.0 F15
-51.0 51.0 50.0 F16
-45.0 45.0 61.0 F17
-42.0 31.0 70.0 F18
-35.0 20.0 78.0 F19
-26.0 9.0 83.0 F20
-40.0 4.0 78.0 F21
-50.0 16.0 70.0 F22
-55.0 31.0 61.0 F23
-62.0 36.0 50.0 F24
-68.0 39.0 38.0 F25
-73.0 42.0 25.0 F26
-72.0 48.0 11.0 F27
-73.0 49.0 -3.0 F28
-71.0 48.0 -17.0 F29
-79.0 33.0 -17.0 F30
-81.0 33.0 -3.0 F31
-80.0 33.0 11.0 F32
-13.0 -4.0 86.0 G1
-26.0 -9.0 83.0 G2
-39.0 -13.0 78.0 G3
-52.0 0.0 70.0 G4
-61.0 16.0 61.0 G5
-69.0 19.0 50.0 G6
-75.0 24.0 38.0 G7
-80.0 26.0 25.0 G8
-85.0 17.0 11.0 G9
-86.0 17.0 -3.0 G10
-87.0 0.0 -3.0 G11(T7)
-87.0 0.0 11.0 G12
-84.0 9.0 25.0 G13
-79.0 8.0 38.0 G14
-72.0 0.0 50.0 G15
-63.0 0.0 61.0 G16(C3)
-69.0 -19.0 50.0 G17
-79.0 -8.0 38.0 G18
-84.0 -9.0 25.0 G19
-85.0 -17.0 11.0 G20
-86.0 -17.0 -3.0 G21
-79.0 -33.0 -17.0 G22
-81.0 -33.0 -3.0 G23
-80.0 -33.0 11.0 G24
-80.0 -26.0 25.0 G25
-75.0 -24.0 38.0 G26
-68.0 -39.0 38.0 G27
-73.0 -42.0 25.0 G28
-72.0 -48.0 11.0 G29
-73.0 -49.0 -3.0 G30
-71.0 -48.0 -17.0 G31
-71.0 -41.0 -31.0 G32
-16.0 -22.0 83.0 H1
-30.0 -27.0 78.0 H2
-42.0 -31.0 70.0 H3
-50.0 -16.0 70.0 H4
-61.0 -16.0 61.0 H5
-55.0 -31.0 61.0 H6
-62.0 -36.0 50.0 H7
-59.0 -53.0 38.0 H8
-62.0 -56.0 25.0 H9
-61.0 -61.0 11.0 H10
-62.0 -62.0 -3.0 H11
-61.0 -61.0 -17.0 H12
-61.0 -55.0 -31.0 H13
-48.0 -66.0 -31.0 H14
-48.0 -71.0 -17.0 H15
-49.0 -73.0 -3.0 H16
-48.0 -72.0 11.0 H17
-49.0 -68.0 25.0 H18
-46.0 -64.0 38.0 H19
-51.0 -51.0 50.0 H20
-45.0 -45.0 61.0 H21
-31.0 -42.0 70.0 H22
-16.0 -37.0 78.0 H23
-31.0 -55.0 61.0 H24
-36.0 -62.0 50.0 H25
-32.0 -72.0 38.0 H26
-34.0 -77.0 25.0 H27
-33.0 -80.0 11.0 H28
-33.0 -81.0 -3.0 H29
-33.0 -79.0 -17.0 H30
-33.0 -75.0 -31.0 H31
-31.0 -70.0 -43.0 H32
