-17.299 49.314 -4.108 Fp1
0.066 51.859 -1.007 Fpz
17.555 49.889 -4.161 Fp2
-28.778 37.661 -28.021 AF9
-32.227 40.297 -6.223 AF7
-26.697 42.818 3.513 AF5
-19.804 45.153 12.474 AF3
-10.855 46.956 19.247 AF1
0.136 47.465 20.813 AFz
11.647 47.19 19.254 AF2
20.986 45.676 12.902 AF4
27.375 43.373 3.546 AF6
32.758 40.934 -6.32 AF8
29.638 37.533 -28.21 AF10
-41.196 24.477 -29.354 F9
-41.29 24.96 -6.711 F7
-37.883 28.228 9.944 F5
-29.526 31.211 24.794 F3
-16.158 33.456 35.46 F1
0.183 34.385 39.057 Fz
17.344 33.85 34.989 F2
30.462 31.912 23.984 F4
39.91 29.283 9.618 F6
42.924 26.104 -7.052 F8
42.378 24.721 -29.648 F10
-49.407 8.561 -29.635 FT9
-47.468 8.298 -6.544 FT7
-45.375 10.956 14.374 FC5
-35.366 13.349 32.641 FC3
-20.017 15.285 47.005 FC1
0.221 16.096 52.106 FCz
20.441 15.536 46.312 FC2
36.607 13.941 32.691 FC4
46.738 11.715 14.361 FC6
48.079 9.06 -6.658 FT8
49.429 8.441 -29.699 FT10
-50.476 -9.302 -28.374 T9
-49.457 -9.413 -5.492 T7
-47.177 -8.086 17.136 C5
-38.408 -6.835 37.82 C3
-21.248 -5.867 52.743 C1
0.236 -5.387 58.909 Cz
22.138 -5.656 51.955 C2
39.442 -6.406 37.363 C4
49.043 -7.508 17.164 C6
49.997 -8.827 -5.577 T8
50.279 -9.615 -28.367 T10
-50.314 -27.334 -26.86 TP9
-49.851 -27.045 -4.146 TP7
-46.773 -27.356 18.187 CP5
-37.349 -27.625 38.564 CP3
-20.869 -27.791 53.661 CP1
0.227 -27.807 58.431 CPz
22.556 -27.663 53.297 CP2
39.145 -27.406 38.538 CP4
48.964 -27.092 18.338 CP6
50.273 -26.765 -4.19 TP8
50.633 -27.64 -26.955 TP10
-42.904 -43.349 -24.093 P9
-42.566 -43.165 -1.461 P7
-39.533 -44.832 16.679 P5
-31.15 -46.3 32.873 P3
-16.819 -47.321 44.33 P1
0.191 -47.667 48.549 Pz
18.758 -47.298 45.082 P2
32.713 -46.166 33.238 P4
39.894 -44.605 16.508 P6
42.931 -42.939 -1.493 P8
43.424 -43.716 -24.223 P10
-32.268 -57.616 -20.841 PO9
-32.227 -57.312 1.641 PO7
-28.457 -58.378 12.693 PO5
-21.456 -59.266 21.841 PO3
-11.149 -59.804 27.347 PO1
0.127 -60.045 29.74 POz
11.681 -59.819 27.263 PO2
21.615 -59.264 21.389 PO4
29.277 -58.44 12.768 PO6
32.713 -57.37 1.604 PO8
32.314 -57.643 -20.886 PO10
-17.285 -66.081 5.194 O1
0.063 -67.517 8.613 Oz
17.537 -65.909 5.171 O2
-17.523 -67.327 -17.169 I1
0.003 -69.675 -13.562 Iz
17.478 -67.145 -17.192 I2
-25.439 44.576 -16.598 AFp9h
-22.655 46.985 -2.935 AFp7h
-16.446 48.457 1.588 AFp5h
-10.104 49.862 5.892 AFp3h
-3.486 51.054 9.52 AFp1h
4.175 51.169 9.678 AFp2h
11.12 50.301 6.725 AFp4h
16.833 48.761 1.662 AFp6h
23.107 47.416 -2.777 AFp8h
25.752 44.98 -16.635 AFp10h
-37.171 31.649 -17.815 AFF9h
-36.053 34.553 0.527 AFF7h
-29.853 37.634 13.568 AFF5h
-20.166 40.191 24.204 AFF3h
-6.72 41.58 29.587 AFF1h
7.921 41.841 30.073 AFF2h
21.263 40.637 24.243 AFF4h
30.791 38.239 13.435 AFF6h
36.972 35.285 0.37 AFF8h
37.806 32.086 -17.89 AFF10h
-46.464 16.502 -18.366 FFT9h
-43.78 18.394 2.848 FFT7h
-38.337 21.407 21.24 FFC5h
-26.098 23.954 36.252 FFC3h
-9.064 25.657 45.65 FFC1h
10.338 25.888 45.712 FFC2h
26.946 24.46 35.639 FFC4h
39.448 22.213 20.742 FFC6h
45.868 19.382 2.634 FFT8h
47.069 16.756 -18.416 FFT10h
-49.436 -1.085 -17.509 FTT9h
-48.396 0.486 5.041 FTT7h
-43.893 2.529 26.625 FCC5h
-30.0 4.218 43.708 FCC3h
-10.706 5.344 54.375 FCC1h
11.04 5.435 53.807 FCC2h
30.49 4.582 43.197 FCC4h
45.25 3.136 26.65 FCC6h
49.297 1.143 4.996 FTT8h
49.435 -1.063 -17.417 FTT10h
-51.11 -18.932 -16.365 TTP9h
-50.283 -17.999 6.554 TTP7h
-44.901 -17.471 28.922 CCP5h
-31.103 -16.987 47.191 CCP3h
-10.786 -16.643 57.719 CCP1h
11.882 -16.541 57.691 CCP2h
32.388 -16.681 47.291 CCP4h
46.428 -17.034 29.164 CCP6h
50.538 -17.524 6.61 TTP8h
52.081 -18.965 -16.454 TTP10h
-45.931 -35.704 -14.0 TPP9h
-45.061 -35.748 7.569 TPP7h
-40.028 -37.007 27.768 CPP5h
-27.569 -38.016 44.248 CPP3h
-9.297 -38.55 53.573 CPP1h
11.412 -38.547 54.302 CPP2h
29.779 -37.893 44.738 CPP4h
41.78 -36.801 27.812 CPP6h
46.142 -35.513 7.582 TPP8h
46.367 -35.821 -13.989 TPP10h
-37.961 -51.511 -11.174 PPO9h
-36.998 -51.421 7.611 PPO7h
-31.739 -52.829 21.938 PPO5h
-21.089 -53.868 32.617 PPO3h
-7.08 -54.421 38.496 PPO1h
8.182 -54.472 39.348 PPO2h
22.212 -53.846 33.339 PPO4h
32.091 -52.677 21.764 PPO6h
37.088 -51.26 7.555 PPO8h
38.205 -51.599 -11.137 PPO10h
-25.188 -63.509 -7.728 POO9h
-23.577 -62.955 7.088 POO7h
-18.776 -63.615 13.544 POO5h
-11.672 -64.02 17.489 POO3h
-4.066 -64.207 19.222 POO1h
3.998 -64.15 18.559 POO2h
11.926 -64.004 17.009 POO4h
18.908 -63.615 13.078 POO6h
24.151 -63.023 7.133 POO8h
25.795 -64.129 -7.739 POO10h
-8.727 -69.335 -4.067 OI1h
8.87 -69.354 -4.074 OI2h
-8.704 51.264 -2.631 Fp1h
8.91 51.767 -2.674 Fp2h
-32.221 39.028 -17.456 AF9h
-30.074 41.627 -1.031 AF7h
-23.295 43.996 8.038 AF5h
-15.995 46.254 16.675 AF3h
-5.405 47.368 20.646 AF1h
6.16 47.52 20.779 AF2h
16.795 46.603 16.73 AF4h
24.059 44.509 8.145 AF6h
30.575 42.221 -1.128 AF8h
32.764 39.472 -17.526 AF10h
-42.022 24.164 -18.131 F9h
-40.287 26.611 1.764 F7h
-34.37 29.778 17.742 F5h
-23.494 32.474 30.91 F3h
-7.865 34.026 37.805 F1h
9.305 34.352 38.193 F2h
24.56 33.041 30.263 F4h
35.29 30.608 16.87 F6h
42.287 27.732 1.454 F8h
42.78 24.577 -18.232 F10h
-48.749 7.828 -18.104 FT9h
-47.079 9.632 4.025 FT7h
-41.847 12.235 24.284 FC5h
-28.508 14.415 40.628 FC3h
-10.192 15.881 51.08 FC1h
10.823 16.026 50.795 FC2h
29.117 14.831 40.213 FC4h
43.027 12.932 24.268 FC6h
47.941 10.392 3.857 FT8h
48.993 7.961 -18.07 FT10h
-50.028 -10.023 -16.884 T9h
-48.743 -8.746 5.882 T7h
-44.247 -7.428 28.151 C5h
-30.312 -6.32 45.857 C3h
-10.742 -5.543 57.211 C1h
11.564 -5.468 56.242 C2h
31.619 -5.961 45.678 C4h
45.91 -6.896 28.113 C6h
50.031 -8.172 5.812 T8h
50.597 -10.042 -16.899 T10h
-49.839 -27.764 -15.408 TP9h
-48.601 -27.207 7.037 TP7h
-43.076 -27.497 28.859 CP5h
-29.999 -27.723 47.022 CP3h
-10.198 -27.821 57.243 CP1h
12.153 -27.756 57.632 CP2h
31.731 -27.555 47.057 CP4h
44.985 -27.251 28.877 CP6h
50.068 -26.919 7.112 TP8h
50.211 -27.75 -15.382 TP10h
-42.415 -43.855 -12.656 P9h
-41.202 -43.996 7.639 P7h
-36.275 -45.616 25.285 P5h
-24.489 -46.867 39.205 P3h
-8.204 -47.602 47.602 P1h
10.165 -47.589 47.976 P2h
26.296 -46.784 39.758 P4h
37.39 -45.427 25.339 P6h
42.372 -43.78 7.654 P8h
43.064 -44.119 -12.679 P10h
-32.189 -58.164 -9.516 PO9h
-30.516 -57.851 7.23 PO7h
-25.47 -58.861 17.635 PO5h
-16.459 -59.565 24.904 PO3h
-5.585 -59.976 29.041 PO1h
6.015 -59.958 28.761 PO2h
16.835 -59.582 24.762 PO4h
25.986 -58.894 17.517 PO6h
31.051 -57.905 7.199 PO8h
32.826 -58.703 -9.525 PO10h
-8.7 -67.639 6.951 O1h
8.9 -67.692 6.954 O2h
-8.908 -69.485 -15.307 I1h
8.89 -69.432 -15.327 I2h
-21.229 42.534 -26.945 AFp9
-25.57 46.178 -5.43 AFp7
-19.56 47.722 -0.67 AFp5
-13.135 49.105 3.568 AFp3
-7.194 50.652 8.338 AFp1
0.1 51.315 10.25 AFpz
8.005 50.983 8.992 AFp2
14.163 49.584 4.368 AFp4
19.929 48.077 -0.608 AFp6
25.826 46.598 -5.465 AFp8
22.162 42.41 -27.148 AFp10
-34.871 30.958 -28.66 AFF9
-37.176 32.904 -6.566 AFF7
-32.803 36.08 6.984 AFF5
-25.493 39.001 19.281 AFF3
-13.858 41.087 27.792 AFF1
0.162 41.888 30.612 AFFz
15.019 41.462 28.106 AFF2
26.534 39.534 19.234 AFF4
34.084 36.787 6.993 AFF6
38.005 33.657 -6.734 AFF8
35.612 30.715 -28.817 AFF10
-46.121 16.907 -29.689 FFT9
-45.023 16.838 -6.763 FFT7
-42.021 19.937 12.337 FFC5
-32.873 22.752 29.258 FFC3
-18.014 24.925 41.747 FFC1
0.206 25.9 46.507 FFCz
19.184 25.328 41.603 FFC2
33.792 23.419 28.684 FFC4
43.633 20.861 11.976 FFC6
46.445 17.832 -7.05 FFT8
46.965 17.008 -29.92 FFT10
-51.338 -0.302 -29.287 FTT9
-48.58 -0.553 -6.043 FTT7
-47.09 1.519 16.05 FCC5
-37.704 3.427 35.779 FCC3
-21.008 4.883 50.22 FCC1
0.23 5.587 56.156 FCCz
21.197 5.084 49.264 FCC2
38.294 3.89 35.29 FCC4
47.919 2.153 15.985 FCC6
48.874 0.107 -6.09 FTT8
50.181 -0.56 -29.101 FTT10
-50.91 -18.357 -27.724 TTP9
-50.499 -18.272 -4.98 TTP7
-47.919 -17.731 17.79 CCP5
-38.86 -17.216 38.725 CCP3
-21.702 -16.789 53.908 CCP1
0.233 -16.55 59.511 CCPz
22.648 -16.587 53.462 CCP2
40.462 -16.831 39.026 CCP4
49.688 -17.264 18.146 CCP6
50.538 -17.794 -4.957 TTP8
50.986 -18.647 -27.768 TTP10
-47.432 -35.639 -25.618 TPP9
-46.189 -35.097 -2.796 TPP7
-43.289 -36.389 17.853 CPP5
-34.913 -37.566 36.829 CPP3
-19.233 -38.385 50.505 CPP1
0.215 -38.638 55.273 CPPz
21.092 -38.279 50.526 CPP2
36.585 -37.384 36.857 CPP4
45.056 -36.169 17.949 CPP6
46.612 -34.85 -2.844 TPP8
47.929 -35.973 -25.739 TPP10
-37.945 -50.792 -22.521 PPO9
-37.953 -50.668 0.019 PPO7
-34.502 -52.128 14.805 PPO5
-27.126 -53.41 27.882 PPO3
-14.485 -54.236 36.479 PPO1
0.16 -54.509 39.574 PPOz
15.536 -54.237 37.139 PPO2
27.704 -53.307 28.018 PPO4
35.737 -52.01 15.08 PPO6
38.287 -50.505 -0.005 PPO8
38.22 -50.96 -22.594 PPO10
-25.344 -63.182 -19.032 POO9
-25.255 -62.581 3.393 POO7
-21.293 -63.3 10.431 POO5
-15.27 -63.828 15.599 POO3
-8.03 -64.21 19.308 POO1
0.098 -64.216 19.269 POOz
8.022 -64.116 18.18 POO2
15.669 -63.859 15.523 POO4
22.155 -63.372 10.618 POO6
25.663 -62.643 3.365 POO8
25.373 -63.14 -19.077 POO10
-17.272 -67.293 -5.888 OI1
0.031 -70.132 -2.313 OIz
17.367 -66.778 -5.906 OI2
-49.457 -9.413 -5.492 T3
-42.566 -43.165 -1.461 T5
49.997 -8.827 -5.577 T4
42.931 -42.939 -1.493 T6
-50.583 -26.438 -39.952 M1
50.417 -26.45 -39.979 M2
-50.583 -14.685 -39.952 A1
50.417 -14.697 -39.979 A2
